2058 1682
2058 1200
2058 535
2058 1734
2058 1662
2058 2013
2058 1278
2058 1235
2058 1656
2058 1743
2058 142
2058 644
2058 770
2058 364
2058 1740
2058 72
2058 2219
2058 1870
2058 1104
2058 1679
2058 1242
2058 932
2058 797
2058 489
2058 1627
2058 1449
2254 1534
611 1523
611 819
611 96
611 1587
611 1936
611 1854
611 499
611 1298
611 399
611 217
611 2095
611 942
611 542
611 300
611 1133
611 1106
611 723
611 1219
611 1820
611 493
611 57
611 1540
611 1451
1105 1203
1105 775
1105 1196
1105 1444
1000 1534
768 290
768 164
768 804
768 248
768 308
768 1561
768 1517
768 1556
768 1817
768 928
768 1132
768 1048
768 214
768 956
768 1625
768 1720
768 1233
750 1065
550 310
1498 310
569 1618
906 1534
333 1370
1425 1087
1425 221
1425 1979
1425 158
1425 1440
1425 2175
1425 58
1425 51
1425 816
1425 1034
1425 806
1425 783
1425 1448
1425 1432
1425 1243
1425 2009
1425 2012
1425 1247
1425 317
1425 916
1425 652
1425 1313
1425 1978
1425 1909
1425 1578
1425 1596
1425 466
1425 1020
1425 1293
1425 1516
1425 2201
1425 606
1425 1827
1425 2071
1425 1592
1425 722
1425 18
1425 1944
1425 853
1425 864
1425 651
1425 1061
1425 2232
1425 316
1425 1697
1425 1576
1425 1360
1425 1530
1425 178
1425 1225
1425 106
1425 1605
1425 571
1425 1733
1425 2110
1425 1755
1425 1138
1425 160
1425 1447
1425 256
1425 413
1425 1062
1425 1315
1425 1286
1425 1588
1425 1968
1425 2221
1425 2216
1425 762
1425 547
1425 430
1425 103
1425 2069
1425 780
1425 494
1425 468
1425 525
1425 50
1425 2067
1425 1376
1425 1060
1425 161
1425 1960
1425 725
1425 2030
1425 874
1425 1220
1391 1280
389 1534
1805 1293
1370 1633
1370 1719
1370 1280
1370 1027
1370 701
1370 532
1370 964
1370 1862
1370 93
1370 945
1370 2248
1370 531
1370 393
1370 1258
1370 1223
1370 1649
1370 1787
1370 1983
1370 1088
1370 1175
1370 472
1370 581
1370 344
1370 536
1370 2179
1370 43
1370 2086
1370 1898
1370 486
1370 2006
1370 928
1370 594
1370 73
1370 368
1370 1899
1370 232
1370 1982
1370 515
1370 1964
1370 1120
1370 1012
1370 939
1370 457
1370 495
1370 63
1370 541
1370 1536
1370 580
1370 1069
1370 44
1370 1816
1370 1759
1370 2246
1370 1005
1370 2234
1370 1594
1370 1412
1370 1231
1370 443
1370 751
1370 980
1370 1345
1370 809
1370 1402
1370 71
1370 717
1370 1170
1370 1267
1370 876
1370 1238
1370 1076
1370 2257
1370 870
1370 808
1370 165
1370 2048
1370 1501
1370 1427
1370 119
1370 2164
1370 64
1370 522
1370 1221
1370 2138
1370 1565
1370 1210
1370 721
1370 826
1370 825
1370 619
1370 1386
1370 1555
1370 261
1370 363
1370 1713
1370 857
1370 1774
1370 1026
1370 1567
1370 1239
1370 664
1370 1473
1370 2022
1370 1373
1370 491
1370 1332
1423 1628
1310 2231
479 1534
1929 1546
1742 2058
1429 1534
1622 310
355 611
706 1534
3 611
1306 1105
1306 310
1510 1105
946 310
946 927
1841 1965
1841 1294
1841 1007
1841 47
1841 1869
1841 1641
1841 1696
1841 1738
1841 2038
1871 1534
1871 611
684 310
1846 118
1846 351
1846 102
1846 997
1481 1906
1171 310
1798 310
1052 871
1052 909
1052 839
1052 1842
1052 941
1052 2122
1052 1508
1052 41
1052 832
5 1534
565 1105
412 310
159 310
694 2212
694 448
694 23
694 1808
1570 1534
1511 1969
54 1534
1648 611
1731 116
1731 977
1731 646
1731 741
1731 1967
1731 1427
2092 2036
2092 1050
2092 1749
2092 147
2092 1921
2092 1
2092 1143
2092 228
2092 728
2092 427
2092 1605
2092 1630
2092 2274
2092 1164
2092 2256
2092 1505
2092 2117
2092 807
2092 307
2092 421
2092 863
2092 108
2092 1738
2092 1580
2092 311
2092 1101
2092 902
2092 1684
2092 476
2092 855
650 1534
1765 1534
283 310
75 310
1683 1534
1209 1637
1886 1534
901 764
2153 1534
1638 1534
1191 1534
1652 1773
1652 435
1652 378
1652 2227
1652 1883
1652 2148
1652 314
1652 1063
1652 1557
1652 2245
1652 416
1652 1304
1652 43
1652 235
1652 1591
1652 733
1652 59
1652 2185
1652 278
1652 1995
1652 791
1652 2079
1652 776
1652 1931
1652 629
1652 1250
1652 1040
1652 1241
1652 1475
709 2058
1670 1534
1487 1273
553 1534
502 1105
288 1534
288 611
1477 1153
1477 135
924 310
1885 310
2213 1678
2213 582
2156 1534
1004 1906
1004 1240
1004 863
1327 1900
730 310
1935 611
1609 1534
2181 611
2026 1105
1197 310
1393 1534
1393 937
1393 934
821 310
483 1105
452 1153
452 1105
2126 1534
640 1153
640 310
1089 1534
1205 1534
1218 123
2015 351
1514 1105
1168 1950
1168 1738
600 1534
600 310
600 1904
1677 310
373 1534
1635 310
357 1534
339 611
339 1628
339 2212
339 12
1374 1534
2121 1534
1590 310
503 1534
233 310
1256 1534
799 996
799 2212
2214 1628
1339 1065
810 1534
183 1105
889 1534
517 1534
661 1534
2207 1431
2207 425
2207 967
715 1534
1542 1105
2120 1534
1889 283
1515 310
638 1534
1148 310
933 1628
1121 25
1121 2013
1121 521
1121 708
1121 1551
1121 1442
1121 1232
1121 1116
1121 141
869 310
92 404
92 582
92 948
376 1496
2195 611
812 158
215 310
1771 1534
2275 1534
599 1105
599 659
1324 1534
1324 310
1433 1534
1165 1534
1690 310
1776 310
877 1534
1692 1534
1692 121
166 1534
1835 310
432 1534
120 1534
100 1534
100 611
100 310
203 1534
749 1534
1055 611
34 1970
34 818
34 1583
34 1144
34 714
34 24
34 1100
34 831
34 37
34 1528
34 1319
34 951
34 1560
34 418
34 1043
34 1469
34 671
34 897
34 184
34 402
34 329
34 369
34 1969
34 153
34 273
34 2212
34 974
34 1312
34 1961
34 625
34 2066
34 2061
34 858
34 1058
34 648
34 2279
34 865
34 2003
34 45
34 1025
34 1880
34 915
34 1667
34 1018
34 1994
34 2070
34 637
34 914
34 875
34 680
34 2239
34 1821
34 1626
34 264
990 118
1691 611
226 7
2109 1534
1789 1534
266 310
207 611
852 310
1672 611
1700 310
2101 1534
1162 310
1959 310
835 642
835 1868
1494 1534
716 1534
280 1534
2115 310
1714 611
1714 310
1297 1534
1271 1105
374 1534
406 310
39 310
1115 1868
485 310
1852 310
2042 1153
2042 2058
2042 611
2042 310
188 1534
573 1534
740 1534
740 611
1125 1534
101 611
1174 2053
898 1534
1780 1534
1977 611
598 1534
285 1942
285 95
1781 611
1513 1277
583 310
1952 611
1952 1628
983 118
388 1534
2206 310
669 1534
1330 1123
1330 793
1330 892
1330 697
1330 1984
1126 118
872 1105
1938 764
1746 611
698 1534
1038 1534
955 1467
955 1418
114 1534
475 1534
475 310
475 1836
735 611
1778 1534
1778 611
1778 310
1778 409
440 611
2024 1534
1606 310
2159 2058
2200 118
1966 1534
1966 310
1342 1534
1342 611
2064 582
396 611
607 1654
607 2040
607 224
607 918
607 1933
607 1188
607 1754
607 1065
607 458
607 1782
1419 310
2278 1534
756 1011
745 1534
1521 611
1685 310
1568 611
198 1534
305 582
743 1716
2102 611
590 1534
1548 764
1491 1042
186 1534
320 1716
471 611
577 1534
923 310
1023 1105
472 1208
1056 611
1572 1534
1851 611
243 1534
243 310
1212 1534
1212 563
989 310
608 310
1717 1534
1506 611
84 310
1586 1534
125 1153
548 1534
548 1105
998 611
1485 1534
1651 1906
1651 1092
1651 2196
601 611
2192 310
354 1534
1002 1287
1002 836
1002 31
1002 1252
1002 506
1002 23
1002 122
2240 1984
1545 609
1415 1534
1071 310
1092 326
1092 1868
150 1534
524 611
847 1534
1853 310
1259 1534
1744 1534
134 1534
1289 2260
2188 1534
2078 1534
1913 1534
1715 611
947 2058
289 1534
474 1080
474 2231
474 899
2027 310
1973 850
1059 2058
1059 1105
686 1105
1403 1534
1948 1534
1687 1534
2169 1105
1020 310
2241 1637
2241 1428
993 310
68 611
1127 2231
1127 863
1110 1011
954 310
299 310
446 1652
1399 611
757 1534
545 611
99 611
1571 1628
693 1534
693 310
1462 1534
1618 611
2045 1534
1383 1534
2076 95
15 310
1008 611
1008 310
988 1534
890 1534
567 1153
838 1534
2131 1534
1103 310
1151 1534
148 611
148 310
441 1534
2163 310
1923 310
1274 1534
1707 611
1818 1534
1818 310
2271 310
2081 1534
2056 310
2262 1105
1217 1534
1827 764
176 1534
176 784
1757 1534
1757 123
2197 1534
1736 1534
172 1534
878 331
878 2049
1439 1534
1439 611
1439 2053
281 2058
605 611
769 1534
1352 1534
469 1534
469 611
469 310
469 319
1891 1534
1891 310
240 2076
240 1439
240 1301
240 1729
240 1813
496 310
422 310
742 2058
2198 1042
2198 1628
284 1534
1912 1534
1912 310
1912 554
1912 2128
1912 1388
1912 1389
444 310
1902 2231
1902 1628
904 1534
1446 310
1905 310
1158 2058
252 1803
252 907
252 582
1941 1534
453 1534
1799 611
1799 83
484 1534
1122 611
1933 310
227 310
1326 310
2052 1534
1621 2122
1621 538
1621 1710
891 310
1760 1534
1760 310
700 1534
324 2058
324 1629
511 1534
350 2231
350 2168
350 95
1829 1534
986 310
739 1534
739 611
739 381
439 1534
447 1534
2158 1534
683 1534
36 1534
1010 1029
2180 310
670 1534
2224 1349
259 1534
259 1153
401 310
325 310
1814 611
1420 225
2018 1534
303 1534
303 611
1663 310
695 611
1316 1153
1016 310
1255 1534
67 310
1207 1534
1102 1534
1107 1534
1693 1534
1693 310
2166 1534
250 1534
1015 2058
837 611
1490 1534
1490 611
498 2231
498 516
498 462
1947 611
1722 118
1722 351
1722 1011
1876 1534
1509 1534
97 310
112 1105
1958 1534
2236 1534
1911 1105
943 310
724 1534
523 1105
163 1534
163 310
1189 1534
504 1534
504 611
504 310
504 1398
1350 2058
1350 611
1350 310
2144 310
1706 1534
982 1011
1471 310
1166 1534
975 1534
1790 903
1790 610
514 1105
1377 1534
1971 310
1421 1534
1421 905
1285 310
1295 1153
1295 2058
1387 611
1837 310
1837 2072
1482 611
678 310
703 310
703 2087
1443 310
1458 310
1458 963
2189 310
546 1534
1493 1534
1980 310
1333 611
1985 1404
1985 1491
1985 1582
1985 1990
1985 1358
167 310
302 310
306 310
758 1534
1802 1534
1624 310
152 1534
1435 1153
2267 1534
2267 801
293 611
1916 310
279 1628
279 582
1173 310
1825 543
2028 1520
2143 415
2143 19
2143 734
2143 2088
2143 1758
2143 91
2143 2001
2143 442
2143 219
2143 692
2143 2208
2143 315
2143 1504
2143 223
2143 382
2143 12
2143 987
2143 624
2143 336
2143 1728
2143 1725
2143 552
2143 2023
2143 1761
2143 1331
213 1153
271 1153
271 611
1861 1534
1039 310
673 1534
2119 1398
1112 1534
1410 532
1410 555
1410 118
1619 1105
2268 611
1917 611
1359 1368
1359 2017
1359 591
1359 1526
1359 2041
1359 1664
1359 2124
1359 1009
1359 1480
1359 641
1359 2083
1359 330
1359 2029
1359 1031
1359 873
1359 1794
1359 978
1359 798
1359 1372
1359 1762
1359 1832
2162 1534
1364 1105
1145 1534
747 310
509 1105
297 1534
297 1716
1997 611
1614 1105
755 1105
755 2011
1878 1534
1003 1338
1029 310
407 310
587 611
820 1637
2243 1534
2035 1534
1213 611
117 611
526 611
1793 1534
1317 1534
793 310
2277 310
405 1534
1214 1534
1214 310
1531 611
1531 310
2265 1534
2204 1534
1013 1534
2104 310
639 1534
639 611
2172 1534
345 1105
2251 1534
2251 1153
2251 310
981 611
981 310
1645 611
1858 611
559 622
559 88
2007 1105
1998 448
1998 346
953 611
1597 1153
1769 1534
635 1534
1558 764
1796 310
371 1534
1634 1652
657 611
657 310
657 459
337 310
1416 1534
1416 1105
1416 2212
1261 1534
1108 1652
1951 1105
771 611
49 1534
713 1534
1847 611
438 1534
7 310
7 123
911 310
911 2231
911 1686
911 1628
911 351
911 1065
1990 850
2152 310
584 1868
2226 310
2154 1534
895 611
811 1637
1642 850
1642 33
1642 2060
361 310
1325 611
1353 2187
403 850
1695 611
2100 611
2100 310
2100 386
1229 1534
1378 310
1522 1042
1522 1813
1155 1534
1701 1534
1701 310
156 1534
60 764
222 310
230 1534
367 1534
367 387
1292 1534
839 258
839 1024
1474 611
2133 582
1704 1011
1450 1534
1833 764
2134 611
2134 1024
162 310
613 310
127 611
1937 310
2230 1534
130 310
1834 764
79 611
2242 1738
1358 1843
1842 1534
1855 1153
1318 118
1318 1546
1314 611
1599 1534
1620 871
976 611
181 1534
181 310
181 1520
1169 1105
748 1534
56 1534
979 1534
1559 310
1559 1652
1712 1534
1044 12
1323 611
1543 470
1347 1534
1347 611
352 310
1363 611
737 1534
568 1534
568 753
242 310
349 1534
2147 1534
85 1534
85 1652
2194 1534
1109 611
2130 611
845 1065
1658 310
1142 310
1095 326
2090 611
1756 1534
410 1534
1369 1534
1860 1534
1577 1534
1577 2191
1928 611
296 611
1809 1534
1809 1001
53 1105
212 1534
309 310
2031 310
1206 1534
1047 310
620 1534
461 1534
1806 310
1518 611
1518 310
1035 1534
1035 310
508 1534
1216 310
1216 1945
1216 2244
234 1932
234 1017
1167 1888
1167 979
81 1534
539 1778
151 1534
1456 310
658 258
2116 1162
533 1534
191 1065
1724 1153
1724 959
1675 310
377 1105
4 1534
2091 1105
174 1534
938 1534
1086 1534
1086 118
1086 903
672 1356
1154 310
1768 1534
711 1534
2021 1534
6 611
254 1738
1718 1153
260 1534
738 310
2068 310
736 310
247 1534
1084 351
204 1534
1593 310
534 310
992 1534
1815 1534
282 1534
282 611
201 1534
14 1534
1987 1534
718 1534
1180 1534
2019 1534
1407 1534
1873 764
1453 310
313 1534
1336 1534
1753 611
1753 310
1006 1534
1006 1872
1006 312
1006 2258
1006 592
2149 1105
1307 1534
2129 1534
1466 959
636 611
2266 1534
1831 1534
884 2212
28 1534
1617 1534
1661 1534
1156 611
1156 310
2034 1868
1163 1153
1163 1652
1976 1534
197 764
1021 764
519 95
2211 1534
674 1534
2252 1534
132 310
1441 1534
2059 310
1745 611
1745 1105
1954 611
1764 1534
626 1153
2141 1162
1054 2058
1367 1534
1422 1903
1422 859
1422 500
328 1534
2106 582
216 1534
304 1370
908 1534
908 611
908 1652
866 2231
1279 1534
1279 1153
1279 611
1279 310
2217 1534
398 2058
1564 1105
614 1534
1962 611
1057 1534
1057 611
1193 2058
1193 611
1193 310
171 1534
603 1534
603 310
105 2212
20 1534
1489 1534
1489 310
630 2058
1949 310
888 1534
2178 1534
627 310
1963 2260
1288 611
604 310
1604 611
1074 1534
2272 1105
2020 310
1392 2058
752 310
433 1534
1783 1105
1030 1534
301 1105
2062 1534
1185 850
1900 310
2050 1628
1454 1534
1680 310
426 611
2193 1534
1036 1534
2238 1105
1073 1105
1668 1534
654 310
473 1534
473 611
2111 1534
470 310
1735 236
1735 543
1845 764
30 1058
1610 1534
679 310
2136 1534
1840 1105
1956 1349
1956 2177
1956 417
136 310
1946 1534
270 2058
2235 1534
2080 611
1830 310
1636 1534
2077 310
2051 1534
662 1398
833 582
1192 611
35 611
185 582
1537 1534
2186 1534
1037 611
1037 310
549 2058
1356 1534
397 1534
2135 310
1819 1534
1269 310
668 310
2097 2212
1157 611
478 310
335 310
655 1534
501 1105
251 1492
251 500
1091 1105
1726 1105
2270 1105
65 310
481 1534
719 611
275 1349
2210 1534
2210 310
1750 611
1400 1534
2167 1534
2167 2058
917 1534
1146 611
1472 1534
490 310
1194 310
2150 611
74 1534
643 2058
1539 1534
1149 1425
1149 1161
1149 152
1468 1534
1918 611
1017 310
796 310
1723 1534
1465 2058
8 310
2237 1534
1993 1534
774 1105
1362 1534
1362 611
628 611
175 310
1124 1534
55 764
537 1105
1476 310
1476 1813
2137 1105
2137 310
957 1637
321 1105
2123 1534
828 1534
1290 1534
1569 1534
94 1534
245 611
1231 1534
1231 1105
1747 1105
704 310
653 1534
653 611
777 1534
777 893
1563 1105
1335 611
1335 310
1335 609
342 310
1075 1534
2269 310
1784 1011
1457 1534
359 310
564 1534
1066 310
1657 2253
1657 1317
1657 85
1657 1859
1657 1644
1657 2033
1657 2099
1426 1534
1772 1534
984 310
2247 1534
487 310
1908 1534
1791 310
365 1534
365 611
1585 1534
1028 1534
237 1534
1470 1534
88 310
88 1379
88 559
88 351
1579 1534
2202 1534
1897 611
340 310
1215 1534
530 1534
597 310
1529 1534
1547 1534
1394 1534
294 1534
1266 611
1925 1105
2 310
2263 1105
450 1534
450 611
813 960
249 1534
189 1105
1623 1105
1257 310
11 310
1499 1534
192 1534
1160 1652
1483 611
841 1534
841 611
841 310
1525 1534
702 1534
1211 1534
1524 1534
1311 611
544 1534
2249 1534
1401 310
170 1534
592 1534
925 310
2183 1534
1850 310
1300 1534
1497 1534
814 1534
814 611
451 1534
1263 1534
578 310
578 787
1507 1534
2182 310
1874 310
1408 1534
842 2212
1184 1534
1375 1652
696 2212
2055 1534
2094 1534
2094 611
2250 1534
98 1843
1265 2058
1549 1105
1839 714
1566 1534
2010 2058
1797 1534
482 1534
131 1534
1264 1534
1887 2058
773 1534
143 2233
143 1113
143 470
143 1072
143 1068
1437 1637
419 1534
1366 310
187 1534
187 598
1260 1534
348 1534
1090 1534
2011 310
492 1105
492 310
2084 1534
795 764
2225 1534
2225 480
1204 310
1631 1534
1631 611
1183 1534
1183 310
2112 1534
173 611
1953 1105
1953 310
138 1534
40 310
343 1534
1639 2058
1496 310
1355 611
424 1534
1737 1534
1275 1534
1275 611
1275 310
463 1534
830 1534
1673 1534
1646 1846
1602 310
868 1534
1616 1534
1414 1534
879 310
803 863
596 1534
1321 611
2276 1105
691 1534
1708 1149
1246 1534
2222 1534
2222 312
423 611
372 611
2057 1534
238 611
1562 1534
781 1534
781 310
999 1534
985 2058
109 310
817 310
817 1652
182 2058
42 1105
1338 1534
1253 1534
1253 310
575 1289
575 1628
1384 1534
2160 1534
829 1534
785 310
236 611
236 310
236 1628
1575 611
886 2058
1867 611
727 310
846 310
887 310
887 1907
434 310
1045 310
2025 310
2054 1153
1741 310
456 1534
1390 1534
922 1534
2049 1912
2049 1420
1721 1534
38 1534
1051 2058
1051 611
1053 1534
566 1534
566 611
528 1534
1795 310
1653 2058
632 1105
10 611
10 310
558 1534
1131 310
965 1105
1452 1534
1767 611
1309 1534
1296 310
139 1534
1119 1105
1141 764
356 1724
1041 2058
1041 310
1346 310
834 1534
2005 1105
557 1534
2014 1534
801 663
952 1984
952 391
211 611
1177 611
1177 310
2002 1534
788 310
2113 310
507 1534
1130 1153
1615 1534
298 1105
1137 611
994 611
269 1652
1849 1534
1694 1534
1152 611
1801 2058
520 310
1972 310
1533 2058
1533 310
2255 310
681 310
1405 310
940 1534
966 1534
2114 310
844 2240
1996 310
1413 310
202 1534
202 611
200 1105
2037 1105
107 1534
1892 1105
1844 310
1879 1534
341 310
218 611
218 1105
1117 1534
137 1534
1705 310
859 1534
859 611
859 871
2280 1637
2280 726
1698 1534
1826 611
1826 310
690 611
1019 611
647 2058
400 1534
1097 1534
1901 1534
1901 611
1890 543
1244 83
77 611
77 310
257 1651
257 1973
257 118
257 470
257 89
257 1382
2261 1534
1532 1105
2165 1534
2205 1642
660 1688
660 582
1228 1534
380 1534
1361 1724
510 1534
699 310
268 1024
1237 1153
1237 611
1237 310
414 1534
140 1534
155 1534
2125 1534
2125 1665
1992 1105
62 1534
346 1534
1866 611
2032 1534
772 310
265 1534
991 1534
1461 1534
689 1534
22 1534
896 1534
2039 1534
488 1534
2008 611
1150 310
995 310
1299 1534
1033 1534
52 1534
1786 1534
805 1534
1647 1534
110 582
761 310
1140 1534
1385 582
1554 310
1553 310
726 286
154 1534
322 1534
334 1534
1766 1534
1320 611
1986 1896
1986 561
1986 1595
1986 1785
1986 1032
1986 929
1986 1966
1986 1176
1986 323
1986 1329
1986 27
1986 1049
1986 759
1986 411
1986 2103
1986 1343
1986 1702
1986 1552
1986 1811
1986 2251
1986 692
1986 1136
1986 1227
1986 2016
1986 1434
1986 1277
1986 631
1986 634
1986 29
1986 1303
1986 1190
1986 1198
1986 124
1986 330
1986 253
1986 1632
1986 1777
1986 477
1986 1187
1986 972
1986 129
1986 1436
2140 2032
2140 1659
1856 1534
1550 1534
199 1534
199 1105
800 1534
746 310
2075 1534
2074 1534
1409 1534
1574 611
1249 611
1248 1534
465 310
420 1534
1424 1534
1939 611
2093 1153
1445 1534
1445 2187
764 901
764 1291
764 1833
764 1495
764 702
764 602
764 2229
764 480
764 272
764 255
32 1534
512 310
843 2058
205 1534
2003 2231
2003 2151
2003 258
2003 1628
2003 1349
1838 1534
194 1105
720 1534
287 1534
449 1534
2215 1534
1910 611
1910 310
1581 1370
253 1534
253 611
267 1534
753 1534
753 568
585 1534
585 611
579 310
1077 1534
921 1534
920 1534
919 1534
2170 1534
2170 611
1094 1534
1357 1534
1093 1534
1096 1534
931 764
1519 1534
1535 1534
930 1534
615 310
617 1534
616 1534
618 764
1365 1534
782 1105
950 1534
949 1534
1981 1534
1114 1534
1262 1105
505 1534
1417 813
1417 1237
1417 582
1417 480
497 1105
497 1011
1940 1534
1943 1534
2099 1534
2099 611
562 1534
2098 1534
1111 1534
431 1534
802 1534
436 611
277 1534
276 1153
113 1534
1999 1534
1328 1534
2082 1534
1128 1534
2065 1534
968 1534
967 2196
1118 1534
969 1534
763 1534
593 1534
595 310
1763 1105
1284 1534
1283 1534
1282 1534
1281 1534
1711 1105
1711 310
1430 1534
970 1534
1129 1534
2073 310
241 1534
1915 1105
379 1534
366 1534
1608 1534
1607 1534
1612 1534
1611 1534
1611 611
1611 1986
1800 310
944 1534
1411 1534
1254 1534
291 1534
292 1534
778 1534
612 1534
78 310
76 1534
193 1534
2209 1534
82 310
80 1534
239 1534
244 1011
1460 2058
246 1534
408 1534
1085 1153
1584 1534
1589 1534
1134 1534
1751 1105
1752 1534
880 1534
912 1534
1070 1153
754 1534
2043 582
2089 1534
2089 726
1884 1534
144 310
1245 1534
1245 1105
1864 1534
760 1534
588 1153
1251 1534
589 1534
705 1534
1341 1534
385 1534
383 2058
383 611
384 1534
2190 2058
370 1105
1272 1534
1857 1534
1732 1105
1730 1534
2173 598
196 310
529 1105
860 1534
856 1534
1195 1534
677 1534
1046 764
885 1534
882 1534
883 764
881 2058
710 1534
712 611
1991 1534
392 1534
390 1534
66 1534
2046 1105
1544 764
1064 1534
1226 310
208 1534
210 1105
560 1534
560 611
1236 1534
1541 1534
1538 1534
428 1534
586 1105
586 764
633 2058
272 611
1081 1534
1079 1534
1083 1105
1082 764
926 1105
1877 1105
2063 2151
2063 1022
2063 118
1893 1534
1573 1105
274 310
104 310
2199 1105
90 1534
445 1534
1527 764
572 1534
574 1534
779 1792
779 510
779 967
1395 1105
1396 310
1397 611
1397 310
1397 764
1882 1534
190 1105
195 1534
1881 310
1739 310
126 2058
2044 611
220 1534
454 1534
1748 611
1078 310
1230 1534
913 1105
732 1852
731 2058
731 611
169 1534
17 2058
17 611
16 611
2107 2058
2118 2058
2108 2058
1181 611
1479 1534
656 611
1660 1534
682 611
676 611
149 611
146 611
145 611
318 611
707 1534
1276 611
1273 2058
961 1534
961 611
962 1105
792 955
792 1
790 611
1438 611
621 611
621 1105
467 611
570 611
179 2058
1828 310
1779 2058
1934 611
115 611
767 611
766 1105
765 1153
1234 611
1381 1534
1380 310
576 611
815 611
815 1807
2228 1534
2228 310
1922 1534
1922 1153
1924 611
1406 611
1406 310
1098 611
1099 611
2047 310
2203 1105
1895 1105
2132 1153
9 1534
822 2
295 310
1354 1105
429 1628
1014 1105
1014 310
1478 1042
1478 1813
1478 687
1804 2058
1804 2004
1957 1004
2146 2058
2264 1105
133 310
464 1349
786 1105
2273 611
1669 1534
1810 310
1812 611
1812 310
1484 310
70 310
1650 448
1650 1681
1655 310
1224 310
1488 310
1486 310
1322 310
1178 310
1179 310
1182 95
1182 688
848 310
849 310
685 310
518 310
353 310
2145 310
13 764
69 310
1351 310
2142 310
1689 1105
1689 310
666 310
667 2058
665 310
1172 2058
840 611
958 310
675 1105
180 1534
180 1153
2161 310
21 310
338 310
823 310
824 310
327 2058
1159 310
1875 1065
1455 310
1302 1534
1788 310
1788 729
1512 1534
1512 310
1640 310
894 310
1699 1534
910 310
1848 310
2155 310
2085 611
229 310
231 2058
394 2058
394 310
395 310
1344 310
1340 310
1199 1105
1201 310
862 310
861 310
863 2127
863 1894
1988 310
1989 310
1503 310
1502 310
1500 310
48 310
111 310
1930 1534
2223 310
1202 404
649 310
1268 310
1270 611
1601 310
1600 310
1598 310
1603 310
789 2058
1974 611
1975 310
157 1534
375 611
2259 2000
2259 2212
1955 310
1463 1153
1464 310
1308 2212
794 310
1067 310
540 310
209 310
2174 2122
900 1105
1727 1105
1709 1105
851 2058
455 1738
1643 1105
556 326
1147 1105
971 2058
527 326
1135 1534
460 1105
262 2058
1613 611
177 1105
2105 310
1920 1105
1914 2058
1770 1105
2096 1105
347 310
168 310
437 310
1671 310
867 310
513 310
358 310
744 310
46 1105
2157 310
1305 1105
206 2058
87 1105
86 1105
1139 310
1863 310
2171 310
623 611
128 310
61 310
973 1153
645 1105
1459 310
1222 310
1919 2058
26 2058
2139 2058
332 1105
332 310
1666 1534
1926 1153
1927 1534
2176 310
1348 611
1186 611
1865 1153
360 1105
362 1105
2184 2058
2184 1105
1334 1153
854 1534
854 310
1775 611
1824 1153
1824 611
1823 611
1822 611
1703 310
551 1153
936 2058
935 1105
1371 1534
263 1534
2220 1105
2218 1105
1337 1105
1674 1105
1676 1105
827 1105
